284883
29124108
55923379
49023435
17659230
18330866
56156089
84653676
73623001
33000813
23954423
72066043
54430166
80708432
27517113
87883374
24326803
30415493
63736614
46317908
15713679
47795573
85830113
10454680
54271959
38106334
34864762
86797984
11718220
14728237
75339330
81825363
87363490
40843695
1919753
69798305
92438923
56550159
21067227
16732612
19380851
69448086
92246773
58435475
51063934
1947771
83537161
45955022
81252912
67137242
71014439
41987490
17205935
45163340
49281620
26433488
35654533
50466324
54529898
69632222
69413882
43248915
30695012
25460279
47546127
36258725
10460356
15678783
20491666
55243758
46408185
1201015
51519950
84260471
21199948
2305804
1962789
70205511
41794601
30609674
87957296
99731810
4730011
23644171
12008958
55574838
9644573
87500494
58150015
22183323
71381348
21065528
79410440
8712232
74520739
4955299
76790691
42526576
99107370
5860845
26237065
97719095
57292645
99198376
79866775
13761405
4582119
80221881
88141840