36520000
84903286
45606422
88640067
46235829
21194202
82559876
35208982
7091584
5198939
18260175
68919400
18693143
84009714
60249188
27655611
73574206
1432043
90663364
76305543
65656887
72486927
26342480
79217975
38723631
17710794
37173165
18218512
14460536
43869573
97027349
68891593
39740319
54802060
66862735
72835969
92140888
99930717
49686579
52453592
73917393
28280738
32579861
74571615
52739182
5061517
85673212
76233242
86611841
46284884
83639450
10389836
29065965
13391404
45171571
90577809
41726724
23772087
59427241
88081556
14651303
85419097
34918285
1040856
35612166
1511947
47542011
34780113
35088112
7637130