72988328
84279790
73928657
67345109
46960073
47117225
82303946
61894412
26876815
18949548
26416560
53895238
68474707
77034503
43932210
54511314
82022711
39376009
12928665
72076353
64849902
84666834
83874526
85605476
94089612
224141
54834839
78867086
85861837
39077787
79538736
71026140
80668050
14897398
62220580
59487299
87285735
94314516
2288229
4791953
55610022
90770225
96824125
68644973
94844113
79086302
32404605
4213089
71215498
19830518
19783912
47862842
7460445
81246685
22116575
53910781
48921406
43727074
97812589
29030936
6174713
5658580
19639962
23869078
16282310
79970411
29424250
35738575
64695091
1904067
61911171
54580872
47126251
47246331
96313964
81026657
55480010
53417433
20398686
22464025
12145501
15841274
18956778
43695450
95213050
63648290