95901518
53897460
50829338
25150539
90050108
58238887
36614715
13501797
71955195
69621200
64260842
98166615
6379264
57728082
64137024
76893101
45296438
28026970
96733037
78919273
92116889
53708276
83402612
76581303
34512873
29673895
64287526
94880759
58095672
23451972
66130803
80497443
54362315
12251567
50024366
34648773
26692709
68196081
63389475
31704981
49260274
53951839
64455129
85628665
18448407
33022035
11043196
53049908
51092624
88182739
34871303
25663630
43663601
40414750
8113840
12065007
82232344
50902470
31297762
70046322
82809820
15140322
46932911
25864897
4908309
22391017
81218951
69524918
59782091
82384966
89783095
15276283
81119289
40423427
70300046
1528021
29623847